0 1108 0 0 0 0 0 0 0 0 0 0 0 0 0 0 0 0 0 0 0
0 0 2022 0 0 0 0 0 0 0 0 0 0 0 0 0 0 0 0 0 0
0 0 0 2615 2615 2615 0 0 0 0 0 0 0 0 0 0 0 0 0 0 0
0 0 0 0 0 0 1186 0 0 0 0 0 0 0 0 0 0 0 0 0 0
0 0 0 0 0 0 0 2385 0 0 0 0 0 0 0 0 0 0 0 0 0
0 0 0 0 0 0 0 0 3082 0 0 0 0 0 0 0 0 0 0 0 0
0 0 0 0 0 0 0 0 0 1235 0 0 0 0 0 0 0 0 0 0 0
0 0 0 0 0 0 0 0 0 1235 0 0 0 0 0 0 0 0 0 0 0
0 0 0 0 0 0 0 0 0 1235 0 0 0 0 0 0 0 0 0 0 0
0 0 0 0 0 0 0 0 0 0 359 0 0 0 0 0 0 0 0 0 0
0 0 0 0 0 0 0 0 0 0 0 -1 -1 0 0 0 0 0 0 0 0
0 0 0 0 0 0 0 0 0 0 0 0 0 0 0 2081 0 0 0 0 0
0 0 0 0 0 0 0 0 0 0 0 0 0 1538 0 0 0 0 0 0 0
0 0 0 0 0 0 0 0 0 0 0 0 0 0 2946 0 0 0 0 0 0
0 0 0 0 0 0 0 0 0 0 0 0 0 0 0 0 0 0 0 0 0
0 0 0 0 0 0 0 0 0 0 0 0 0 0 0 0 2081 2081 2081 0 0
0 0 0 0 0 0 0 0 0 0 0 0 0 0 0 0 0 0 0 2081 2081
0 0 0 0 0 0 0 0 0 0 0 0 0 0 0 2081 0 0 0 0 0
0 0 0 0 0 0 0 0 0 0 0 0 0 1538 0 0 0 0 0 0 0
0 0 0 0 0 0 0 0 0 0 0 0 0 0 0 2081 0 0 0 0 0
0 0 0 0 0 0 0 0 0 0 0 0 0 1538 0 0 0 0 0 0 0
